% Set the time vector:
V_star.time = [0
120
600
720
1200
1320
1680
1800
2100
2400
3900
4200
5700
6000
6780
6900
7500
7800
8400
8700
9300
9600
9900]';

% Set the speed values in knots
V_star.speed_kts = [0
3
3
6
6
12
12
0
0
2
2
4
4
2
2
0
0
12
12
3
3
0
0]';

% Set the mode values
V_star.mode = [0
0
0
0
0
0
0
0
0
1
1
1
1
1
1
1
0
0
0
0
0
0
0]';

% Set the duration of the test
V_star.duration =[1
120
480
120
480
120
360
120
300
300
1500
300
1500
300
780
120
600
300
600
300
600
300
300]';